17217459
15458645
17217459
17209125
14745029
19392685
19392685
19392685
19392685
18591352
18591352
18178669
18178669
19060218
18786002
16367964
17655650
7704045
7743935
7743935
15743450
15743450
19666544
16278345
17485080
17081979
17081979
18024560
18849491
15618487
16460513
16210544
16286448
18178669
19060218
15659631
15659631
15659631
15659631
15659631
15659631
15659631
15659631
16461383
17307927
17307927
17496893
17496893
17318317
18394997
19081078
16357038
11479382
16361392
16361392
16361392
20110319
19210750
16098103
19004800
15031265
19037657
19201913
15031265
18780802
20197506
20197506
17535918
17535918
17535918
21441406
17435085
17189341
17189341
16339310
17369435
19304937
19304937
19304937
17960244
17031512
